name:name
related:100.0,100.0,-100.0
related:100.0,100.0,100.0
related:100.0,-100.0,-100.0
related:100.0,-100.0,100.0
related:-100.0,100.0,-100.0
related:-100.0,100.0,100.0
related:-100.0,-100.0,-100.0
related:-100.0,-100.0,100.0
location:0.0,0.0,500.0
points:100.0,100.0,400.0
points:100.0,100.0,600.0
points:100.0,-100.0,400.0
points:100.0,-100.0,600.0
points:-100.0,100.0,400.0
points:-100.0,100.0,600.0
points:-100.0,-100.0,400.0
points:-100.0,-100.0,600.0
lines:100.0,100.0,400.0,100.0,100.0,600.0
lines:100.0,100.0,400.0,100.0,-100.0,400.0
lines:100.0,100.0,600.0,100.0,-100.0,600.0
lines:100.0,-100.0,400.0,100.0,-100.0,600.0
lines:100.0,100.0,400.0,-100.0,100.0,400.0
lines:100.0,100.0,600.0,-100.0,100.0,600.0
lines:100.0,-100.0,600.0,-100.0,-100.0,600.0
lines:100.0,-100.0,400.0,-100.0,-100.0,400.0
lines:-100.0,100.0,400.0,-100.0,100.0,600.0
lines:-100.0,100.0,400.0,-100.0,-100.0,400.0
lines:-100.0,100.0,600.0,-100.0,-100.0,600.0
lines:-100.0,-100.0,400.0,-100.0,-100.0,600.0
